ResoMap Model Architecture Summary
============================================================


Total Parameters
------------------------------------------------------------
resolution                224        256        320        384        512
model                                                                    
mobilenet_v2_small     971392    1012384    1094368    1176352    1340320
resnet18             11291424   11307840   11340672   11373504   11439168
resnet34             21399584   21416000   21448832   21481664   21547328
simple_cnn            2675936    2684160    2700608    2717056    2749952
tiny_cnn               183904     188032     196288     204544     221056
vgg11               129684064  129815168  130077376  130339584  130864000
vgg13               129868576  129999680  130261888  130524096  131048512


GFLOPs
------------------------------------------------------------
resolution                224        256        320        384         512
model                                                                     
mobilenet_v2_small   0.176170   0.229995   0.359141   0.516951    0.918558
resnet18             3.627372   4.737748   7.402639  10.659713   18.950410
resnet34             7.326763   9.569601  14.952401  21.531363   38.277778
simple_cnn           1.484566   1.937641   3.025015   4.354019    7.736922
tiny_cnn             0.277694   0.362612   0.566413   0.815499    1.449527
vgg11               15.226692  19.814433  30.824907  44.282037   78.536263
vgg13               22.635078  29.490693  45.944063  66.053620  117.241300


Memory (MB)
------------------------------------------------------------
resolution                 224         256         320         384         512
model                                                                         
mobilenet_v2_small   55.710030   71.785835  110.305122  157.314644  276.804390
resnet18             81.547798   93.388008  121.779366  156.451973  244.640938
resnet34            139.247993  156.947578  199.401436  251.261543  383.200508
simple_cnn           56.727242   70.997139  105.232246  147.061104  253.500069
tiny_cnn             22.716011   29.470284   45.674141   65.471748  115.848213
vgg11               552.000191  570.020088  613.067696  665.459053  798.273018
vgg13               589.454048  618.723946  688.771553  774.162910  990.976875


Mult-Adds
------------------------------------------------------------
resolution                  224          256          320          384          512
model                                                                              
mobilenet_v2_small     88085056    114997408    179570656    258475296    459278752
resnet18             1813685856   2368874112   3701319360   5329856256   9475204992
resnet34             3663381344   4784800640   7476200384  10765681664  19138888832
simple_cnn            742283168    968820672   1512507392   2177009728   3868461248
tiny_cnn              138846784    181305952    283206304    407749344    724763488
vgg11                7613346016   9907216640  15412453696  22141018496  39268131328
vgg13               11317539040  14745346304  22972031296  33026810240  58620649984

